Algoritmo Busca por profundidade:
[[1. 2. 3.]
 [4. 0. 6.]
 [7. 5. 8.]]
    |
    |
    V
[[1. 2. 3.]
 [0. 4. 6.]
 [7. 5. 8.]]
    |
    |
    V
[[1. 2. 3.]
 [4. 6. 0.]
 [7. 5. 8.]]
    |
    |
    V
[[1. 0. 3.]
 [4. 2. 6.]
 [7. 5. 8.]]
    |
    |
    V
[[1. 2. 3.]
 [4. 5. 6.]
 [7. 0. 8.]]
    |
    |
    V
[[0. 2. 3.]
 [1. 4. 6.]
 [7. 5. 8.]]
    |
    |
    V
[[1. 2. 3.]
 [7. 4. 6.]
 [0. 5. 8.]]
    |
    |
    V
[[1. 2. 0.]
 [4. 6. 3.]
 [7. 5. 8.]]
    |
    |
    V
[[1. 2. 3.]
 [4. 6. 8.]
 [7. 5. 0.]]
    |
    |
    V
[[0. 1. 3.]
 [4. 2. 6.]
 [7. 5. 8.]]
    |
    |
    V
[[1. 3. 0.]
 [4. 2. 6.]
 [7. 5. 8.]]
    |
    |
    V
[[1. 2. 3.]
 [4. 5. 6.]
 [0. 7. 8.]]
    |
    |
    V
[[1. 2. 3.]
 [4. 5. 6.]
 [7. 8. 0.]]

Custo de tempo: 12
Numero de tabuleiros criados: 20
Profundidade maxima: 2
Profundidade solucao: 2